MET file converted from FVCOM filessm_mc_20_0.83alb.dat
KT = coef of heat exchange (watts/m2/C) (not used), TE = equil temp (C) (not used)
 IO = PAR (E/m2/day), FD=Fraction of day, and WS = wind speed (m/s)
    JDAY    KT      TE      IO      FD      WS  
   0.000  14.940  23.030  10.171   0.327   3.708
   0.500  14.940  23.030  10.171   0.327   3.708
   1.500  14.940  23.030  10.665   0.327   6.373
   2.500  14.940  23.030   8.899   0.327   8.821
   3.500  14.940  23.030  12.695   0.327   6.708
   4.500  14.940  23.030   6.750   0.328   7.433
   5.500  14.940  23.030   5.216   0.329   8.121
   6.500  14.940  23.030   3.356   0.330   8.510
   7.500  14.940  23.030  10.943   0.331   3.918
   8.500  14.940  23.030   8.931   0.332   3.215
   9.500  14.940  23.030   8.653   0.332  10.290
  10.500  14.940  23.030   9.131   0.333   5.684
  11.500  14.940  23.030  12.425   0.333   7.956
  12.500  14.940  23.030   4.917   0.333   3.922
  13.500  14.940  23.030  14.354   0.333   5.743
  14.500  14.940  23.030   8.135   0.333   9.282
  15.500  14.940  23.030  15.214   0.333   6.223
  16.500  14.940  23.030  12.177   0.333   4.926
  17.500  14.940  23.030   7.462   0.333   7.371
  18.500  14.940  23.030   8.239   0.333   3.135
  19.500  14.940  23.030  12.190   0.333   3.130
  20.500  14.940  23.030  13.089   0.333   9.867
  21.500  14.940  23.030   8.405   0.333   7.441
  22.500  14.940  23.030   7.180   0.333   6.539
  23.500  14.940  23.030  14.133   0.333   6.725
  24.500  14.940  23.030  11.014   0.333   3.268
  25.500  14.940  23.030  16.346   0.336   7.905
  26.500  14.940  23.030  17.162   0.338   6.414
  27.500  14.940  23.030   8.176   0.341   4.381
  28.500  14.940  23.030   9.072   0.344   5.656
  29.500  14.940  23.030  15.701   0.346   6.808
  30.500  14.940  23.030   9.947   0.349   9.905
  31.500  14.940  23.030  11.028   0.351   6.096
  32.500  14.940  23.030  19.322   0.358   4.596
  33.500  14.940  23.030  20.863   0.365   3.025
  34.500  14.940  23.030   9.951   0.372   7.630
  35.500  14.940  23.030   2.887   0.378   4.005
  36.500  14.940  23.030   8.538   0.385   2.153
  37.500  14.940  23.030  14.259   0.392   6.189
  38.500  14.940  23.030  20.986   0.399   5.322
  39.500  14.940  23.030  23.029   0.401   1.903
  40.500  14.940  23.030  22.885   0.404   2.529
  41.500  14.940  23.030  15.826   0.406   4.087
  42.500  14.940  23.030  22.494   0.409   1.581
  43.500  14.940  23.030   9.826   0.412   4.727
  44.500  14.940  23.030  20.565   0.414   3.762
  45.500  14.940  23.030  14.729   0.417   7.621
  46.500  14.940  23.030  22.297   0.417   4.445
  47.500  14.940  23.030  25.021   0.417   2.168
  48.500  14.940  23.030  27.352   0.417   3.995
  49.500  14.940  23.030  28.381   0.417   2.945
  50.500  14.940  23.030  28.138   0.417   2.846
  51.500  14.940  23.030  27.353   0.417   2.428
  52.500  14.940  23.030  22.860   0.417   4.191
  53.500  14.940  23.030  27.030   0.417   4.955
  54.500  14.940  23.030  27.793   0.417   2.077
  55.500  14.940  23.030  26.994   0.417   1.460
  56.500  14.940  23.030  23.774   0.417   1.996
  57.500  14.940  23.030  30.282   0.417   2.855
  58.500  14.940  23.030  19.388   0.417   6.798
  59.500  14.940  23.030  19.851   0.417   3.506
  60.500  14.940  23.030  24.099   0.420   2.327
  61.500  14.940  23.030   7.864   0.423   6.856
  62.500  14.940  23.030  25.642   0.426   6.238
  63.500  14.940  23.030  29.473   0.429   4.192
  64.500  14.940  23.030  31.644   0.432   5.943
  65.500  14.940  23.030  22.573   0.435   1.484
  66.500  14.940  23.030  45.599   0.438   3.508
  67.500  14.940  23.030   0.000   0.444   3.852
  68.500  14.940  23.030  38.149   0.450   2.203
  69.500  14.940  23.030  27.322   0.457   6.806
  70.500  14.940  23.030  37.192   0.463   5.180
  71.500  14.940  23.030  23.697   0.469   2.208
  72.500  14.940  23.030  27.493   0.476   5.631
  73.500  14.940  23.030  35.199   0.482   7.289
  74.500  14.940  23.030  41.513   0.485   8.083
  75.500  14.940  23.030  41.821   0.487   4.925
  76.500  14.940  23.030  38.376   0.490   3.078
  77.500  14.940  23.030  42.167   0.492   2.153
  78.500  14.940  23.030  41.811   0.495   1.449
  79.500  14.940  23.030  42.114   0.497   2.796
  80.500  14.940  23.030  36.520   0.500   1.605
  81.500  14.940  23.030  33.691   0.500   3.885
  82.500  14.940  23.030  42.428   0.500   6.606
  83.500  14.940  23.030  35.487   0.500   3.981
  84.500  14.940  23.030  40.901   0.500   1.998
  85.500  14.940  23.030  19.385   0.500   4.791
  86.500  14.940  23.030  24.565   0.500   6.617
  87.500  14.940  23.030  21.046   0.500   7.824
  88.500  14.940  23.030  43.766   0.502   7.590
  89.500  14.940  23.030  44.097   0.503   7.329
  90.500  14.940  23.030  38.243   0.505   2.726
  91.500  14.940  23.030  41.468   0.507   3.479
  92.500  14.940  23.030  44.013   0.509   3.291
  93.500  14.940  23.030  37.874   0.510   3.410
  94.500  14.940  23.030  49.750   0.512   3.841
  95.500  14.940  23.030  46.045   0.515   5.457
  96.500  14.940  23.030  50.737   0.517   2.691
  97.500  14.940  23.030  49.759   0.520   2.045
  98.500  14.940  23.030  52.941   0.523   4.351
  99.500  14.940  23.030  52.264   0.525   3.746
 100.500  14.940  23.030  51.105   0.528   1.997
 101.500  14.940  23.030  50.326   0.531   3.863
 102.500  14.940  23.030  57.370   0.531   4.179
 103.500  14.940  23.030  57.107   0.531   2.181
 104.500  14.940  23.030  49.130   0.531   2.847
 105.500  14.940  23.030  38.595   0.532   4.389
 106.500  14.940  23.030  58.172   0.532   2.410
 107.500  14.940  23.030  55.486   0.532   2.411
 108.500  14.940  23.030  52.153   0.532   2.909
 109.500  14.940  23.030  56.168   0.535   2.554
 110.500  14.940  23.030  57.744   0.538   2.414
 111.500  14.940  23.030  28.424   0.541   2.843
 112.500  14.940  23.030  28.519   0.544   2.795
 113.500  14.940  23.030  33.317   0.547   2.164
 114.500  14.940  23.030  55.565   0.550   3.292
 115.500  14.940  23.030  52.146   0.554   4.633
 116.500  14.940  23.030  46.159   0.557   5.095
 117.500  14.940  23.030  40.671   0.560   4.159
 118.500  14.940  23.030  51.516   0.564   2.774
 119.500  14.940  23.030  36.323   0.567   4.827
 120.500  14.940  23.030  56.919   0.571   4.211
 121.500  14.940  23.030  59.464   0.574   3.689
 122.500  14.940  23.030  47.544   0.577   3.675
 123.500  14.940  23.030  54.174   0.582   4.483
 124.500  14.940  23.030  49.523   0.586   2.743
 125.500  14.940  23.030  63.461   0.590   3.465
 126.500  14.940  23.030  50.844   0.594   3.304
 127.500  14.940  23.030  65.992   0.599   4.704
 128.500  14.940  23.030  66.676   0.603   4.086
 129.500  14.940  23.030  62.962   0.607   4.507
 130.500  14.940  23.030  64.091   0.608   4.545
 131.500  14.940  23.030  55.257   0.609   3.176
 132.500  14.940  23.030  60.292   0.610   4.235
 133.500  14.940  23.030  61.852   0.611   4.983
 134.500  14.940  23.030  62.588   0.611   2.618
 135.500  14.940  23.030  59.127   0.612   2.261
 136.500  14.940  23.030  41.840   0.613   2.704
 137.500  14.940  23.030  67.185   0.606   3.401
 138.500  14.940  23.030  67.180   0.600   3.702
 139.500  14.940  23.030  62.885   0.593   2.868
 140.500  14.940  23.030  22.064   0.587   3.081
 141.500  14.940  23.030  40.481   0.580   2.742
 142.500  14.940  23.030  35.674   0.573   3.502
 143.500  14.940  23.030  40.277   0.567   1.541
 144.500  14.940  23.030  78.404   0.575   2.356
 145.500  14.940  23.030  38.691   0.583   2.392
 146.500  14.940  23.030  48.301   0.592   3.087
 147.500  14.940  23.030  70.798   0.600   3.923
 148.500  14.940  23.030  58.114   0.608   3.901
 149.500  14.940  23.030  60.690   0.617   3.802
 150.500  14.940  23.030  32.104   0.625   3.114
 151.500  14.940  23.030  50.324   0.625   2.435
 152.500  14.940  23.030  71.568   0.625   2.283
 153.500  14.940  23.030  67.523   0.625   2.797
 154.500  14.940  23.030  66.322   0.625   3.145
 155.500  14.940  23.030  62.744   0.625   2.291
 156.500  14.940  23.030  65.162   0.625   2.912
 157.500  14.940  23.030  67.494   0.625   3.207
 158.500  14.940  23.030  55.906   0.625   2.650
 159.500  14.940  23.030  59.542   0.625   2.916
 160.500  14.940  23.030  52.808   0.625   6.234
 161.500  14.940  23.030  67.687   0.625   3.636
 162.500  14.940  23.030  50.631   0.625   2.962
 163.500  14.940  23.030  36.326   0.625   2.929
 164.500  14.940  23.030  55.250   0.625   2.745
 165.500  14.940  23.030  49.904   0.625   3.481
 166.500  14.940  23.030  39.987   0.625   3.650
 167.500  14.940  23.030  70.008   0.625   2.273
 168.500  14.940  23.030  65.054   0.625   3.338
 169.500  14.940  23.030  70.800   0.625   2.635
 170.500  14.940  23.030  57.843   0.625   2.397
 171.500  14.940  23.030  50.618   0.625   4.969
 172.500  14.940  23.030  59.176   0.624   2.782
 173.500  14.940  23.030  70.268   0.623   2.589
 174.500  14.940  23.030  68.347   0.622   3.045
 175.500  14.940  23.030  61.325   0.621   2.321
 176.500  14.940  23.030  54.626   0.619   4.010
 177.500  14.940  23.030  64.718   0.618   3.505
 178.500  14.940  23.030  20.207   0.617   2.506
 179.500  14.940  23.030  68.603   0.618   3.392
 180.500  14.940  23.030  68.046   0.618   4.992
 181.500  14.940  23.030  23.069   0.618   3.422
 182.500  14.940  23.030  43.225   0.618   4.139
 183.500  14.940  23.030  35.323   0.619   3.999
 184.500  14.940  23.030  45.812   0.619   3.047
 185.500  14.940  23.030  67.103   0.619   2.309
 186.500  14.940  23.030  70.437   0.620   2.417
 187.500  14.940  23.030  69.132   0.621   3.124
 188.500  14.940  23.030  49.652   0.622   1.974
 189.500  14.940  23.030  63.437   0.622   2.504
 190.500  14.940  23.030  39.300   0.623   2.787
 191.500  14.940  23.030  68.913   0.624   2.753
 192.500  14.940  23.030  47.438   0.625   3.097
 193.500  14.940  23.030  54.607   0.624   3.210
 194.500  14.940  23.030  69.795   0.623   3.235
 195.500  14.940  23.030  69.885   0.622   2.987
 196.500  14.940  23.030  64.767   0.622   2.602
 197.500  14.940  23.030  58.655   0.621   2.849
 198.500  14.940  23.030  44.840   0.620   1.761
 199.500  14.940  23.030  67.716   0.619   2.918
 200.500  14.940  23.030  65.665   0.614   3.069
 201.500  14.940  23.030  66.632   0.609   3.177
 202.500  14.940  23.030  65.496   0.604   2.357
 203.500  14.940  23.030  45.328   0.599   2.131
 204.500  14.940  23.030  53.298   0.594   2.963
 205.500  14.940  23.030  36.183   0.588   2.487
 206.500  14.940  23.030  66.359   0.583   3.035
 207.500  14.940  23.030  65.879   0.583   4.423
 208.500  14.940  23.030  65.029   0.583   3.519
 209.500  14.940  23.030  63.927   0.583   2.138
 210.500  14.940  23.030  65.196   0.583   2.779
 211.500  14.940  23.030  64.176   0.583   3.645
 212.500  14.940  23.030  58.179   0.583   3.811
 213.500  14.940  23.030  58.434   0.583   2.593
 214.500  14.940  23.030  59.696   0.583   3.119
 215.500  14.940  23.030  60.580   0.583   3.373
 216.500  14.940  23.030  60.386   0.583   2.818
 217.500  14.940  23.030  61.473   0.583   3.185
 218.500  14.940  23.030  18.315   0.583   3.437
 219.500  14.940  23.030  53.764   0.583   2.866
 220.500  14.940  23.030  50.219   0.583   2.711
 221.500  14.940  23.030  60.898   0.582   2.878
 222.500  14.940  23.030  55.159   0.582   3.450
 223.500  14.940  23.030  50.756   0.581   3.156
 224.500  14.940  23.030  58.519   0.580   2.158
 225.500  14.940  23.030  59.261   0.579   2.727
 226.500  14.940  23.030  58.556   0.578   3.047
 227.500  14.940  23.030  58.369   0.577   3.865
 228.500  14.940  23.030  56.907   0.572   1.967
 229.500  14.940  23.030  56.812   0.567   3.236
 230.500  14.940  23.030  53.009   0.562   2.520
 231.500  14.940  23.030  52.840   0.557   2.390
 232.500  14.940  23.030  50.433   0.552   5.492
 233.500  14.940  23.030  43.993   0.547   5.635
 234.500  14.940  23.030  55.618   0.542   3.029
 235.500  14.940  23.030  51.832   0.542   3.115
 236.500  14.940  23.030  51.506   0.542   2.633
 237.500  14.940  23.030  53.904   0.542   2.917
 238.500  14.940  23.030  52.301   0.542   2.883
 239.500  14.940  23.030  53.034   0.542   2.577
 240.500  14.940  23.030  49.298   0.542   2.593
 241.500  14.940  23.030  48.749   0.542   1.736
 242.500  14.940  23.030  48.498   0.538   2.626
 243.500  14.940  23.030  48.623   0.535   1.950
 244.500  14.940  23.030  49.454   0.531   2.312
 245.500  14.940  23.030  44.035   0.528   2.570
 246.500  14.940  23.030  49.087   0.525   4.067
 247.500  14.940  23.030  47.691   0.521   2.975
 248.500  14.940  23.030  41.575   0.518   1.858
 249.500  14.940  23.030  43.559   0.514   2.348
 250.500  14.940  23.030  47.868   0.511   5.002
 251.500  14.940  23.030  48.118   0.508   4.442
 252.500  14.940  23.030  47.201   0.504   4.910
 253.500  14.940  23.030  46.976   0.501   4.410
 254.500  14.940  23.030  44.498   0.497   2.414
 255.500  14.940  23.030  43.117   0.494   1.972
 256.500  14.940  23.030  32.433   0.488   2.110
 257.500  14.940  23.030  28.968   0.482   2.740
 258.500  14.940  23.030  38.510   0.476   2.320
 259.500  14.940  23.030  38.639   0.470   2.370
 260.500  14.940  23.030  35.584   0.464   2.622
 261.500  14.940  23.030  27.773   0.458   2.234
 262.500  14.940  23.030   9.267   0.452   2.413
 263.500  14.940  23.030  38.400   0.453   1.781
 264.500  14.940  23.030  32.966   0.454   2.020
 265.500  14.940  23.030  31.024   0.455   2.964
 266.500  14.940  23.030  16.307   0.456   7.528
 267.500  14.940  23.030  28.020   0.457   7.231
 268.500  14.940  23.030  19.833   0.457   5.457
 269.500  14.940  23.030  28.775   0.458   3.112
 270.500  14.940  23.030  34.761   0.458   2.090
 271.500  14.940  23.030  36.355   0.458   3.850
 272.500  14.940  23.030  36.189   0.458   3.411
 273.500  14.940  23.030  34.441   0.458   1.284
 274.500  14.940  23.030  29.430   0.458   1.545
 275.500  14.940  23.030  30.975   0.458   1.162
 276.500  14.940  23.030  26.408   0.458   1.498
 277.500  14.940  23.030  15.570   0.455   1.186
 278.500  14.940  23.030  29.070   0.452   2.082
 279.500  14.940  23.030  30.621   0.448   2.648
 280.500  14.940  23.030  24.855   0.445   1.862
 281.500  14.940  23.030  15.888   0.441   2.460
 282.500  14.940  23.030  25.611   0.438   5.999
 283.500  14.940  23.030  13.908   0.435   3.814
 284.500  14.940  23.030  22.689   0.430   5.808
 285.500  14.940  23.030  28.029   0.426   3.230
 286.500  14.940  23.030  19.895   0.422   4.882
 287.500  14.940  23.030  21.228   0.418   2.308
 288.500  14.940  23.030  28.453   0.413   1.622
 289.500  14.940  23.030  14.926   0.409   4.835
 290.500  14.940  23.030  19.728   0.405   2.669
 291.500  14.940  23.030  16.448   0.401   3.603
 292.500  14.940  23.030   3.881   0.396   2.149
 293.500  14.940  23.030  24.486   0.392   1.718
 294.500  14.940  23.030  24.567   0.388   3.975
 295.500  14.940  23.030  23.339   0.384   1.248
 296.500  14.940  23.030   6.918   0.379   7.068
 297.500  14.940  23.030  25.617   0.375   6.767
 298.500  14.940  23.030  25.204   0.375   4.246
 299.500  14.940  23.030  23.731   0.375   2.074
 300.500  14.940  23.030  21.311   0.375   2.613
 301.500  14.940  23.030  19.350   0.375   3.052
 302.500  14.940  23.030  21.973   0.375   2.961
 303.500  14.940  23.030  21.920   0.375   4.515
 304.500  14.940  23.030  21.450   0.375   3.568
 305.500  14.940  23.030  21.901   0.375   3.448
 306.500  14.940  23.030  21.713   0.375   5.032
 307.500  14.940  23.030   8.926   0.375   8.814
 308.500  14.940  23.030  10.624   0.375   9.413
 309.500  14.940  23.030   8.475   0.375   5.332
 310.500  14.940  23.030  20.220   0.375   7.180
 311.500  14.940  23.030  17.491   0.375   5.900
 312.500  14.940  23.030  20.455   0.375   7.409
 313.500  14.940  23.030  11.936   0.375   5.923
 314.500  14.940  23.030  11.863   0.375   3.890
 315.500  14.940  23.030  17.316   0.375   2.301
 316.500  14.940  23.030  14.826   0.375   8.522
 317.500  14.940  23.030  13.111   0.375   6.093
 318.500  14.940  23.030  12.433   0.375   6.257
 319.500  14.940  23.030  16.245   0.372   5.979
 320.500  14.940  23.030   5.152   0.370   3.238
 321.500  14.940  23.030  12.050   0.367   7.601
 322.500  14.940  23.030   8.362   0.365   6.410
 323.500  14.940  23.030  12.345   0.362   5.783
 324.500  14.940  23.030   8.997   0.360   6.860
 325.500  14.940  23.030  14.322   0.357   2.050
 326.500  14.940  23.030   7.410   0.355   5.237
 327.500  14.940  23.030   5.985   0.352   4.655
 328.500  14.940  23.030   8.947   0.349   6.567
 329.500  14.940  23.030   8.882   0.347   3.606
 330.500  14.940  23.030   4.829   0.344   5.026
 331.500  14.940  23.030  13.234   0.342   7.724
 332.500  14.940  23.030   9.728   0.339   1.517
 333.500  14.940  23.030  12.826   0.334   4.200
 334.500  14.940  23.030  13.965   0.329   4.824
 335.500  14.940  23.030  13.142   0.324   4.159
 336.500  14.940  23.030  13.731   0.319   1.713
 337.500  14.940  23.030   9.368   0.314   3.212
 338.500  14.940  23.030  13.145   0.309   2.249
 339.500  14.940  23.030  13.239   0.304   4.500
 340.500  14.940  23.030   6.998   0.304   7.427
 341.500  14.940  23.030   3.565   0.304   7.981
 342.500  14.940  23.030   0.806   0.304   4.850
 343.500  14.940  23.030   5.932   0.304   2.715
 344.500  14.940  23.030   8.542   0.304   4.751
 345.500  14.940  23.030   9.703   0.304   5.197
 346.500  14.940  23.030  12.176   0.304   2.903
 347.500  14.940  23.030   3.302   0.301   6.598
 348.500  14.940  23.030   5.150   0.298   5.207
 349.500  14.940  23.030   6.974   0.296   8.608
 350.500  14.940  23.030   5.702   0.293   8.637
 351.500  14.940  23.030   3.513   0.291   5.476
 352.500  14.940  23.030   4.248   0.288  10.063
 353.500  14.940  23.030   6.437   0.286   7.851
 354.500  14.940  23.030   1.694   0.292   3.425
 355.500  14.940  23.030   1.312   0.298   6.602
 356.500  14.940  23.030  11.709   0.304   2.775
 357.500  14.940  23.030  12.492   0.310   2.550
 358.500  14.940  23.030  11.072   0.315   4.335
 359.500  14.940  23.030   6.718   0.321   5.726
 360.500  14.940  23.030  10.053   0.327   8.859
 361.500  14.940  23.030   7.512   0.327   3.358
 362.500  14.940  23.030   8.363   0.327   4.664
 363.500  14.940  23.030   7.212   0.327   5.762
 364.500  14.940  23.030   4.911   0.327  11.020
 365.708  14.940  23.030   4.911   0.327  11.020
